0.2050 0.97578339884233 0.00004458441649 0.78222350752893 0.00046297683176
0.2100 0.97314545524104 0.00005065343731 0.77708552770157 0.00052682306617
0.2150 0.97023220976953 0.00005355056283 0.77007055662895 0.00046285498622
0.2200 0.96707728057450 0.00006157542915 0.76396434237743 0.00051764424651
0.2250 0.96363722243224 0.00006610417330 0.75611160321648 0.00049593110027
0.2300 0.96003365512405 0.00006161114323 0.74993433782047 0.00049035618287
0.2350 0.95612262690550 0.00006347126573 0.74299593343176 0.00047854967317
0.2400 0.95195951317520 0.00007110367426 0.73604740264212 0.00049536410136
0.2450 0.94762390589619 0.00007618442094 0.72900623283593 0.00049327371775
0.2500 0.94311736290537 0.00007144939872 0.72233207726833 0.00046951495167
0.2550 0.93830098053860 0.00008102556151 0.71502450748597 0.00055034094675
0.2600 0.93313017047770 0.00008930104190 0.70733361237018 0.00057584155580
0.2650 0.92786400292951 0.00008732096305 0.69912131838143 0.00051567034332
0.2700 0.92210854518079 0.00009701745205 0.69170765347584 0.00050302276502
0.2750 0.91630305958626 0.00010176246203 0.68234063466630 0.00052356571141
0.2800 0.91030988468599 0.00008500580555 0.67563259229820 0.00055184433938
0.2850 0.90416392679029 0.00011378864750 0.66700270620511 0.00054471963551
0.2900 0.89790720795118 0.00010345123208 0.66070638934180 0.00047846416975
0.2950 0.89123084920816 0.00012275564250 0.65167409625889 0.00054210764548
0.3000 0.88454153064548 0.00010952352153 0.64252943136888 0.00055222980612
0.3050 0.87751128516908 0.00011427660322 0.63526605104149 0.00054866914520
0.3100 0.87056990603306 0.00012249276238 0.62710313154033 0.00057565994959
0.3150 0.86348440916004 0.00013511566062 0.61887427473885 0.00049933050766
0.3200 0.85591856561171 0.00012243088713 0.61022790555361 0.00055881365713
0.3250 0.84835487708944 0.00012694972835 0.60239992319711 0.00052220676069
0.3300 0.84111600452481 0.00013624767794 0.59428826432889 0.00052019735302
0.3350 0.83366787871743 0.00013139057125 0.58611780369956 0.00049586438399
0.3400 0.82576668848084 0.00015399932804 0.57746421816243 0.00058518848600
0.3450 0.81788467203818 0.00013863608791 0.56951815166547 0.00055281958837
0.3500 0.81007901096383 0.00013069229577 0.56067069832418 0.00054214632001
0.3550 0.80261289163781 0.00014617519159 0.55446046976125 0.00056795828902
0.3600 0.79464631209257 0.00015438642503 0.54623392451071 0.00059331463375
0.3650 0.78686076346618 0.00015675840389 0.53759576245025 0.00053904905015
0.3700 0.77869751182621 0.00016864946119 0.53007480522914 0.00056113797887
0.3750 0.77078957985947 0.00015393826681 0.52210092102431 0.00054916736814
0.3800 0.76251164453003 0.00016969491072 0.51421690786066 0.00064853633677
0.3850 0.75489310423584 0.00016491160253 0.50767601670882 0.00053206214056
0.3900 0.74717624758577 0.00015529475066 0.49960481224417 0.00051598204262
0.3950 0.73922261901903 0.00018420263078 0.49117288085157 0.00058097546421
0.4000 0.73155371030212 0.00016343237293 0.48591583441829 0.00049771960992
0.4050 0.72365694618093 0.00017486266172 0.47695746431606 0.00052710722975
0.4100 0.71625641991207 0.00017651756104 0.47036558978898 0.00049099953152
0.4150 0.70823396251082 0.00016978911251 0.46285984246051 0.00059239785377
0.4200 0.70086729837801 0.00018789590433 0.45571453056180 0.00058455301834
0.4250 0.69344701724464 0.00017035167191 0.45011260047087 0.00050694034257
0.4300 0.68597872497667 0.00016505546659 0.44310204343796 0.00053826906910
0.4350 0.67848271104266 0.00017696646186 0.43744591778938 0.00055332336250
0.4400 0.67116237018789 0.00020108447072 0.42998606209055 0.00049703398561
0.4450 0.66420734369931 0.00017991587457 0.42346129693139 0.00053354260646
0.4500 0.65680142026814 0.00019819951818 0.41808145305739 0.00050734981273
0.4550 0.64983882516484 0.00019055733710 0.41181827558773 0.00056164293110
0.4600 0.64255244618995 0.00018628969364 0.40547133862895 0.00051931986936
0.4650 0.63609999245147 0.00020572975978 0.40030294820985 0.00053124200891
0.4700 0.62916991932523 0.00021409865559 0.39423647076117 0.00047950438832
0.4750 0.62277470035946 0.00019758955964 0.38731877162401 0.00054445406806
0.4800 0.61648640917442 0.00021057370198 0.38386803409947 0.00051323604478
0.4850 0.60924590471304 0.00020086188459 0.37708845708160 0.00055798863457
0.4900 0.60339474610307 0.00020804481522 0.37299433132550 0.00052850037727
0.4950 0.59724375638571 0.00020891018338 0.36831739458071 0.00050034453320
0.5000 0.59104388924872 0.00019269398002 0.36137144918757 0.00052114157815
0.5050 0.58498136576348 0.00019882612394 0.35801577847990 0.00052267780402
0.5100 0.57901648916240 0.00022592164092 0.35207105994511 0.00050272188109
0.5150 0.57311683533173 0.00022425617437 0.34820953426331 0.00049493337259
0.5200 0.56715042266130 0.00020424758156 0.34264900170296 0.00047617304848
0.5250 0.56133361164359 0.00020833289273 0.33830863948502 0.00051860938564
0.5300 0.55585296254772 0.00018742526191 0.33329845155637 0.00052951335627
0.5350 0.55006081974325 0.00021550230285 0.32876063862107 0.00046221261809
0.5400 0.54548560106638 0.00021179556202 0.32529647181546 0.00053841241385
0.5450 0.54004246500096 0.00024533514191 0.32128700826462 0.00051124853706
0.5500 0.53423619154238 0.00020992043935 0.31712759037228 0.00049233478631
0.5550 0.52924117961489 0.00022251900924 0.31268463024711 0.00054962699826
0.5600 0.52422754821065 0.00023048985567 0.30941096328530 0.00053208881321
0.5650 0.51924742243488 0.00020751631136 0.30481403631338 0.00049026345583
0.5700 0.51450031845396 0.00022854526947 0.30098153999313 0.00053624538093
0.5750 0.50984089031678 0.00021778618407 0.29778850610564 0.00048705525999
0.5800 0.50488324712040 0.00022323021006 0.29421091497211 0.00052642193239
0.5850 0.50048933849864 0.00023219780540 0.29004184771557 0.00049457780850
0.5900 0.49594202042562 0.00021890927439 0.28814213895677 0.00052466015542
0.5950 0.49127317924044 0.00023561577986 0.28295306367357 0.00050076179104
0.6000 0.48738718347724 0.00019890163528 0.28001393866870 0.00044892023462
